4
10
1
W
X
Y
Z
X:Y:60:0
Y:X:60:1
PP:5:0,2,0,0,0,0,0,0,0,0,0,0,0,0,0,0,0,0,0,0Z:X:40:1
SC:40:0,0,0,40,0,0,0,0,0,0,0,0,0,0,0,0,0,0,0,0Y:X:60:1
PP:5:0,2,0,0,0,0,0,0,0,0,0,0,0,0,0,0,0,0,0,0X:Y:60:0
Y:Z:100:2
PP:8:0,0,2,0,0,0,0,0,0,0,0,0,0,0,0,0,0,0,0,0VC:50:0,0,37,0,0,0,0,0,0,0,0,0,0,0,0,0,0,0,0,0Z:Y:80:0:80
Z:X:40:1
SC:40:0,0,0,40,0,0,0,0,0,0,0,0,0,0,0,0,0,0,0,0SC:40:0,0,0,40,0,0,0,0,0,0,0,0,0,0,0,0,0,0,0,0Z:Y:80:0:80
Y:Z:100:2
PP:8:0,0,2,0,0,0,0,0,0,0,0,0,0,0,0,0,0,0,0,0VC:50:0,0,37,0,0,0,0,0,0,0,0,0,0,0,0,0,0,0,0,0